http://news.qq.com/a/20100727/000636.htm
http://news.qq.com/a/20100727/000011.htm
http://news.qq.com/a/20100726/001899.htm
http://news.qq.com/a/20100726/000900.htm
http://news.qq.com/a/20100725/000951.htm
http://news.qq.com/a/20100725/000959.htm
http://news.qq.com/a/20100725/000084.htm
http://news.qq.com/a/20100724/001282.htm
http://news.qq.com/a/20100724/001042.htm
http://news.qq.com/a/20100724/000734.htm
http://news.qq.com/a/20100724/000625.htm
http://news.qq.com/a/20100724/000642.htm
http://news.qq.com/a/20100723/002153.htm
http://news.qq.com/a/20100723/002105.htm
http://news.qq.com/a/20100723/002102.htm
http://news.qq.com/a/20100723/001957.htm
http://news.qq.com/a/20100723/001921.htm
http://news.qq.com/a/20100723/001892.htm
http://news.qq.com/a/20100723/001858.htm
http://news.qq.com/a/20100723/001854.htm
http://news.qq.com/a/20100723/001755.htm
http://news.qq.com/a/20100723/001741.htm
http://news.qq.com/a/20100723/001715.htm
http://news.qq.com/a/20100723/001701.htm
http://news.qq.com/a/20100723/001403.htm
http://news.qq.com/a/20100723/001395.htm
http://news.qq.com/a/20100723/001319.htm
http://news.qq.com/a/20100723/001339.htm
http://news.qq.com/a/20100723/001316.htm
http://news.qq.com/a/20100723/001280.htm
http://news.qq.com/a/20100723/001206.htm
http://news.qq.com/a/20100723/001029.htm
http://news.qq.com/a/20100723/001024.htm
http://news.qq.com/a/20100723/000972.htm
http://news.qq.com/a/20100723/000961.htm
http://news.qq.com/a/20100723/000941.htm
http://news.qq.com/a/20100723/000673.htm
http://news.qq.com/a/20100723/000654.htm
http://news.qq.com/a/20100723/000477.htm
http://news.qq.com/a/20100723/000476.htm
http://news.qq.com/a/20100723/000194.htm
http://news.qq.com/a/20100723/000691.htm
http://news.qq.com/a/20100723/000061.htm
http://news.qq.com/a/20100723/000101.htm
http://news.qq.com/a/20100723/000023.htm
http://news.qq.com/a/20100723/000022.htm
http://news.qq.com/a/20100722/002116.htm
http://news.qq.com/a/20100722/002106.htm
http://news.qq.com/a/20100722/002089.htm
http://news.qq.com/a/20100722/002085.htm
http://news.qq.com/a/20100722/002021.htm
http://news.qq.com/a/20100722/002011.htm
http://news.qq.com/a/20100722/002015.htm
http://news.qq.com/a/20100722/001945.htm
http://news.qq.com/a/20100722/001921.htm
http://news.qq.com/a/20100722/001913.htm
http://news.qq.com/a/20100722/001911.htm
http://news.qq.com/a/20100722/001893.htm
http://news.qq.com/a/20100722/001883.htm
http://news.qq.com/a/20100722/001934.htm
http://news.qq.com/a/20100722/001879.htm
http://news.qq.com/a/20100722/001850.htm
http://news.qq.com/a/20100722/001834.htm
http://news.qq.com/a/20100722/001798.htm
http://news.qq.com/a/20100722/001739.htm
http://news.qq.com/a/20100722/001704.htm
http://news.qq.com/a/20100722/001694.htm
http://news.qq.com/a/20100722/001660.htm
http://news.qq.com/a/20100722/001641.htm
http://news.qq.com/a/20100722/001644.htm
http://news.qq.com/a/20100722/001635.htm
http://news.qq.com/a/20100722/001606.htm
http://news.qq.com/a/20100722/001536.htm
http://news.qq.com/a/20100722/001501.htm
http://news.qq.com/a/20100722/001489.htm
http://news.qq.com/a/20100722/001428.htm
http://news.qq.com/a/20100722/001410.htm
http://news.qq.com/a/20100722/001470.htm
http://news.qq.com/a/20100722/001234.htm
http://news.qq.com/a/20100722/001211.htm
http://news.qq.com/a/20100722/001244.htm
http://news.qq.com/a/20100722/001220.htm
http://news.qq.com/a/20100722/001152.htm
http://news.qq.com/a/20100722/001148.htm
http://news.qq.com/a/20100722/001122.htm
http://news.qq.com/a/20100722/001134.htm
http://news.qq.com/a/20100722/001100.htm
http://news.qq.com/a/20100722/001088.htm
http://news.qq.com/a/20100722/001091.htm
http://news.qq.com/a/20100722/000943.htm
http://news.qq.com/a/20100722/000916.htm
http://news.qq.com/a/20100722/000855.htm
http://news.qq.com/a/20100722/000794.htm
http://news.qq.com/a/20100722/000782.htm
http://news.qq.com/a/20100722/000693.htm
http://news.qq.com/a/20100722/000494.htm
http://news.qq.com/a/20100722/000492.htm
http://news.qq.com/a/20100722/000491.htm
http://news.qq.com/a/20100722/000474.htm
http://news.qq.com/a/20100722/000392.htm
http://news.qq.com/a/20100722/000391.htm
http://news.qq.com/a/20100722/000084.htm
http://news.qq.com/a/20100722/000041.htm
http://news.qq.com/a/20100722/000282.htm
http://news.qq.com/a/20100722/000030.htm
http://news.qq.com/a/20100722/000025.htm
http://news.qq.com/a/20100722/000281.htm
http://news.qq.com/a/20100721/002255.htm
http://news.qq.com/a/20100722/000289.htm
http://news.qq.com/a/20100722/000002.htm
http://news.qq.com/a/20100721/002244.htm
http://news.qq.com/a/20100721/002231.htm
http://news.qq.com/a/20100721/002232.htm
http://news.qq.com/a/20100721/002219.htm
http://news.qq.com/a/20100721/002192.htm
http://news.qq.com/a/20100721/002128.htm
http://news.qq.com/a/20100721/002062.htm
http://news.qq.com/a/20100721/002048.htm
http://news.qq.com/a/20100721/002052.htm
http://news.qq.com/a/20100721/002036.htm
http://news.qq.com/a/20100721/002027.htm
http://news.qq.com/a/20100721/002026.htm
http://news.qq.com/a/20100721/002008.htm
http://news.qq.com/a/20100721/001991.htm
http://news.qq.com/a/20100721/001950.htm
http://news.qq.com/a/20100721/001940.htm
http://news.qq.com/a/20100721/001924.htm
http://news.qq.com/a/20100721/001892.htm
http://news.qq.com/a/20100721/001856.htm
http://news.qq.com/a/20100721/001830.htm
http://news.qq.com/a/20100721/001734.htm
http://news.qq.com/a/20100721/001723.htm
http://news.qq.com/a/20100721/001653.htm
http://news.qq.com/a/20100721/001649.htm
http://news.qq.com/a/20100721/001376.htm
http://news.qq.com/a/20100721/001189.htm
http://news.qq.com/a/20100721/001213.htm
http://news.qq.com/a/20100721/001107.htm
http://news.qq.com/a/20100721/000868.htm
http://news.qq.com/a/20100721/000809.htm
http://news.qq.com/a/20100721/000793.htm
http://news.qq.com/a/20100721/000632.htm
http://news.qq.com/a/20100721/000527.htm
http://news.qq.com/a/20100721/000390.htm
http://news.qq.com/a/20100721/000099.htm
http://news.qq.com/a/20100720/002055.htm
http://news.qq.com/a/20100720/002024.htm
http://news.qq.com/a/20100720/001999.htm
http://news.qq.com/a/20100720/001836.htm
http://news.qq.com/a/20100720/001806.htm
http://news.qq.com/a/20100721/000456.htm
http://news.qq.com/a/20100720/001174.htm
http://news.qq.com/a/20100720/000609.htm
http://news.qq.com/a/20100720/000549.htm
